4034.62705316
4131.67981316
4218.71184316
4331.79590316
4462.83639316
4577.86333316
4678.91101316
4781.92020316
4909.97878316
4981.01589316
5068.04792316
5139.08503316
5240.13271316
5396.23382316
5552.33493316
5609.35639316
5696.38842316
5824.48338316
5925.53106316
6088.59439316
6235.66280316
6363.72138316
6466.73057316
6537.76768316
6665.86264316
6796.90313316
6867.94024316
6998.98073316
7185.06004316
7284.12845316
7371.16048316
7470.22889316
7598.32385316
7735.38276316
7848.46682316
8011.53015316
8139.58873316
8276.64764316
8379.65683316
8516.71574316
8644.77432316
8743.84273316
8880.90164316
9011.94213316
9175.00546316
9338.06879316
9466.16375316
9652.24306316
9780.33802316
9909.38061316
10022.4646732
10159.5235832
10258.5919932
10357.6604032
10504.7288132
10617.8128732
10718.8605532
10881.9238832
11009.9824632
11166.0835732
11322.1846832
11451.2272732
11550.2956832
11678.3542632
11841.4175932
12004.4809232
12133.5235132
12319.6028232
12420.6505032
12533.7345632
12620.7665932
12735.7935332
12848.8775932
13034.9569032
13191.0580132
13328.1169232
13443.1438632
13580.2027732
13708.2977332
13836.3563132
13967.3968032
14068.4444832
14125.4659432
14256.5064332
14371.5333732
14484.6174332
14647.6807632
14760.7648232
14873.8488832
14986.9329432
15114.9915232
15216.0392032
15303.0712332
15418.0981732
15581.1615032
15696.1884432
15859.2517732
15956.3045332
16071.3314732
16172.3791532
